kinematics:
  shoulder:
    x: 0
    y: 0
    z: 0.1808207206181278
    roll: -0
    pitch: 0
    yaw: -1.964261476736229e-07
  upper_arm:
    x: 9.35353113443572e-06
    y: 0
    z: 0
    roll: 1.570533511973639
    pitch: 0
    yaw: 2.112525040596732e-06
  forearm:
    x: -0.6121611486085212
    y: 0
    z: 0
    roll: 3.141170779841162
    pitch: 3.141438757382154
    yaw: -3.14159224535343
  wrist_1:
    x: -0.5712709939040157
    y: 0.001179740612559233
    z: 0.1740731096181022
    roll: 3.134815486494509
    pitch: -3.141546276980318
    yaw: 3.141590600137279
  wrist_2:
    x: -1.387777200394254e-05
    y: -0.1198077748468073
    z: 8.001573000519739e-05
    roll: 1.570128459302903
    pitch: 0
    yaw: -3.751436631442562e-07
  wrist_3:
    x: 4.125688483141241e-06
    y: 0.1156510226167217
    z: 7.640003415299624e-05
    roll: 1.571456935074103
    pitch: 3.141592653589793
    yaw: 3.141592174848253
  hash: calib_14401148010452471883